function F=eqn2(a)
e1=[a(1,1);a(1,2);a(1,3)];
e2=[a(2,1);a(2,2);a(2,3)];
e3=[0.164181178906956;0.122800869683098;0.978756602479798];
A=[e1 e2 e3];
F=A*A'-eye(3);
end